Last login: Tue Feb 23 13:52:11 on ttys001
vpn13-110:client ceciliazhang$ ./run.sh 10
Client 10
Client 9
Client 8
Client 7
Client 6
Client 5
Client 4
Client 3
Client 2
Client 1
vpn13-110:client ceciliazhang$ waiting for HS ....
waiting for HS ....
waiting for HS ....
waiting for HS ....
waiting for HS ....
waiting for HS ....
waiting for HS ....
waiting for HS ....
waiting for HS ....
state change HS

Recieved other's vk: 
 [[2, 234, 16, 180, 75, 249, 181, 144, 123, 118, 233, 149, 8, 28, 236, 230, 243, 3, 196, 215, 201, 137, 99, 254, 122, 136, 161, 179, 220, 245, 47, 1, 167], [2, 223, 217, 129, 105, 92, 73, 251, 208, 7, 124, 220, 25, 90, 225, 239, 128, 162, 34, 238, 87, 232, 224, 26, 106, 124, 174, 131, 165, 89, 37, 88, 18], [2, 145, 201, 16, 60, 74, 197, 187, 162, 129, 227, 194, 0, 5, 69, 44, 39, 8, 84, 210, 62, 117, 144, 198, 106, 92, 80, 221, 252, 21, 215, 61, 168], [2, 38, 28, 155, 206, 70, 166, 50, 250, 216, 13, 187, 181, 194, 2, 66, 211, 144, 210, 37, 128, 52, 58, 119, 178, 52, 15, 142, 221, 182, 51, 75, 1], [2, 156, 50, 186, 242, 170, 159, 198, 126, 91, 41, 41, 155, 213, 229, 46, 217, 115, 184, 213, 207, 100, 11, 134, 54, 6, 176, 47, 238, 202, 25, 121, 119], [2, 179, 187, 233, 245, 95, 81, 117, 240, 225, 118, 212, 152, 56, 57, 249, 128, 6, 130, 174, 234, 237, 207, 88, 10, 129, 251, 99, 223, 108, 36, 182, 21], [3, 3, 178, 231, 128, 116, 116, 240, 126, 46, 66, state change HS

26, 204, 43, 247, 150, 37, 69, 109, 19, 84, 35, 26, 24, 169, state change HS

196, 77, 250, 56, 160, 38, 186, 130], [3, 12, 172, 109, 147, 100, 2, 102, 198, 158, 122, 9, 79, 247, 77, 54, 37, 10, 252, 53, 3, 209, 207, 93, 0, 211, 183, 96, 112, 177, 212, 61, 33], [3, 139, 234, 104, 140, 173, 219, 198, 182, 225, 56, 32, 21, 214, 124, 106, 103, 175, 100, 111, 227, 85, 1, 176, 138, 149, 183, 103, 85, 12, 213, 205, 74], [3, 63, 8, 54, 105, 239, 202, 78, 99, 212, 71, 214, 222, 3, 198, 248, 195, 62, 200, 61, 75, 184, 74, 226, 178, 81, 252, 133, 177, 233, 12, 130, 249]]
OK from handshake
Recieved other's vk: 
 [[2, 234, 16, 180, 75, 249, 181, 144, 123, 118, 233, 149, 8, 28, 236, 230, 243, 3, 196, 215, 201, 137, 99, 254, 122, 136, 161, 179, 220, 245, 47, 1, 167], [2, 223, 217, 129, 105, 92, 73, 251, 208, 7, 124, 220, 25, 90, 225, 239, 128, 162, 34, 238, 87, 232, 224, 26, 106, 124, 174, 131, 165, 89, 37, 88, 18], [2, 145, 201, 16, 60, 74, 197, 187, 162, 129, 227, 194, 0, 5, 69, 44, 39, 8, 84, 210, 62, 117, 144, 198, 106, 92, 80, 221, 252, 21, 215, 61, 168], [2, 38, 28, 155, 206, 70, 166, 50, 250, 216, 13, 187, 181, 194, 2, 66, 211, 144, 210, 37, 128, 52, 58, 119, 178, 52, 15, 142, 221, 182, 51, 75, 1], [2, 156, 50, 186, 242, 170, 159, 198, 126, 91, 41, 41, 155, 213, 229, 46, 217, 115, 184, 213, 207, 100, 11, 134, 54, 6, 176, 47, 238, 202, 25, 121, 119], [2, 179, 187, 233, 245, 95, 81, 117, 240, 225, 118, 212, 152, 56, 57, 249, 128, 6, 130, 174, 234, 237, 207, 88, 10, 129, 251, 99, 223, 108, 36, 182, 21], [3, 3, 178, 231, 128, 116, 116, 240, 126, 46, 66, 26, 204, 43, 247, 150, 37, 69, 109, 19, 84, 35, 26, 24, 169, state change HS

Recieved other's vk: 
196, 77, 250, 56, 160, 38, 186, 130], [3, 12, 172, 109, 147, 100, 2, 102, 198, 158, 122, 9, 79, 247, 77, 54, 37, 10, 252, 53, 3, 209, 207, 93, 0, 211, 183, 96, 112, 177, 212, 61, 33], [3, 139, 234, 104, 140, 173, 219, 198, 182, 225, 56, 32, 21, 214, 124, 106, 103, 175, 100, 111, 227, 85, 1, 176, 138, 149, 183, 103, 85, 12, 213, 205, 74], [3, 63, 8, 54, 105, 239, 202, 78, 99, 212, 71, 214, 222, 3, 198, 248, 195, 62, 200, 61, 75, 184, 74, 226, 178, 81, 252, 133, 177, 233, 12, 130, 249]]
Recieved other's vk: 
OK from handshake
 [[2, 234, 16, 180, 75, 249, 181, 144, 123, 118, 233, 149, 8, 28, 236, 230, 243, 3, 196, 215, 201, 137, 99, 254, 122, 136, 161, 179, 220, 245, 47, 1, 167], [2, 223, 217, 129, 105, 92, 73, 251, 208, 7, 124, 220, 25, 90, 225, 239, 128, 162, 34, 238, 87, 232, 224, 26, 106, 124, 174, 131, 165, 89, 37, 88, 18], [2, 145, 201, 16, 60, 74, 197, 187, 162, 129, 227, 194, 0, 5, 69, 44, 39, 8, 84, 210, 62, 117, 144, 198, 106, 92, 80, 221, 252, 21, 215, 61, 168], [2, 38, 28, 155, 206, 70, 166, 50, 250, 216, 13, 187, 181, 194, 2, 66, 211, 144, 210, 37, 128, 52, 58, 119, 178, 52, 15, 142, 221, 182, 51, 75, 1], [2, 156, 50, 186, 242, 170, 159, 198, 126, 91, 41, 41, 155, 213, 229, 46, 217, 115, 184, 213, 207, 100, 11, 134, 54, 6, 176, 47, 238, 202, 25, 121, 119], [2, 179, 187, 233, 245, 95, 81, 117, 240, 225, 118, 212, 152, 56, 57, 249, 128, 6, 130, 174, 234, 237, 207, 88, 10, 129, 251, 99, 223, 108, 36, 182, 21], [3, 3, 178, 231, 128, 116, 116, 240, 126, 46, 66, 26, 204, 43, 247, 150, 37, 69, 109, 19, 84, 35, 26, 24, 169, state change HS

state change HS

Recieved other's vk: 
 [[2, 234, 16, 180, 75, 249, 181, 144, 123, 118, 233, 149, 8, 28, 236, 230, 243, 3, 196, 215, 201, 137, 99, 254, 122, 136, 161, 179, 220, 245, 47, 1, 167], [2, 223, 217, 129, 105, 92, 73, 251, 208, 7, 124, 220, 25, 90, 225, 239, 128, 162, 34, 238, 87, 232, 224, 26, 106, 124, 174, 131, 165, 89, 37, 88, 18], [2, 145, 201, 16, 60, 74, 197, 187, 162, 129, 227, 194, 0, 5, 69, 44, 39, 8, 84, 210, 62, 117, 144, 198, 106, 92, 80, 221, 252, 21, 215, 61, 168], [2, 38, 28, 155, 206, 70, 166, 50, 250, 216, 13, 187, 181, 194, 2, 66, 211, 144, 210, 37, 128, 52, 58, 119, 178, 52, 15, 142, 221, 182, 51, 75, 1], [2, 156, 50, 186, 242, 170, 159, 198, 126, 91, 41, 41, 155, 213, 229, 46, 217, 115, 184, 213, 207, 100, 11, 134, 54, 6, 176, 47, 238, 202, 25, 121, 119], [2, 179, 187, 233, 245, 95, 81, 117, 240, 225, 118, 212, 152, 56, 57, 249, 128, 6, 130, 174, 234, 237, 207, 88, 10, 129, 251, 99, 223, 108, 36, 182, 21], [3, 3, 178, 231, 128, 116, 116, 240, 126, 46, 66, 26, 204, 43, 247, 150, 37, 69, 109, 19, 84, 35, 26, 24, 169, Recieved other's vk: 
196, 77, 250, 56, 160, 38, 186, 130], [3, 12, 172, 109, 147, 100, 2, 102, 198, 158, 122, 9, 79, 247, 77, 54, 37, 10, 252, 53, 3, 209, 207, 93, 0, 211, 183, 96, 112, 177, 212, 61, 33], [3, 139, 234, 104, 140, 173, 219, 198, 182, 225, 56, 32, 21, 214, 124, 106, 103, 175, 100, 111, 227, 85, 1, 176, 138, 149, 183, 103, 85, 12, 213, 205, 74], [3, 63, 8, 54, 105, 239, 202, 78, 99, 212, 71, 214, 222, 3, 198, 248, 195, 62, 200, 61, 75, 184, 74, 226, 178, 81, 252, 133, 177, 233, 12, 130, 249]]
OK from handshake
196, 77, 250, 56, 160, 38, 186, 130], [3, 12, 172, 109, 147, 100, 2, 102, 198, 158, 122, 9, 79, 247, 77, 54, 37, 10, 252, 53, 3, 209, 207, 93, 0, 211, 183, 96, 112, 177, 212, 61, 33], [3, 139, 234, 104, 140, 173, 219, 198, 182, 225, 56, 32, 21, 214, 124, 106, 103, 175, 100, 111, 227, 85, 1, 176, 138, 149, 183, 103, 85, 12, 213, 205, 74], [3, 63, 8, 54, 105, 239, 202, 78, 99, 212, 71, 214, 222, 3, 198, 248, 195, 62, 200, 61, 75, 184, 74, 226, 178, 81, 252, 133, 177, 233, 12, 130, 249]]
OK from handshake
 [[2, 234, 16, 180, 75, 249, 181, 144, 123, 118, 233, 149, 8, 28, 236, 230, 243, 3, 196, 215, 201, 137, 99, 254, 122, 136, 161, 179, 220, 245, 47, 1, 167], [2, 223, 217, 129, 105, 92, 73, 251, 208, 7, 124, 220, 25, 90, 225, 239, 128, 162, 34, 238, 87, 232, 224, 26, 106, 124, 174, 131, 165, 89, 37, 88, 18], [2, 145, 201, 16, 60, 74, 197, 187, 162, 129, 227, 194, 0, 5, 69, 44, 39, 8, 84, 210, 62, 117, 144, 198, 106, 92, 80, 221, 252, 21, 215, 61, 168], [2, 38, 28, 155, 206, 70, 166, 50, 250, 216, 13, 187, 181, 194, 2, 66, 211, 144, 210, 37, 128, 52, 58, 119, 178, 52, 15, 142, 221, 182, 51, 75, 1], [2, 156, 50, 186, 242, 170, 159, 198, 126, 91, 41, 41, 155, 213, 229, 46, 217, 115, 184, 213, 207, 100, 11, 134, 54, 6, 176, 47, 238, 202, 25, 121, 119], [2, 179, 187, 233, 245, 95, 81, 117, 240, 225, 118, 212, 152, 56, 57, 249, 128, 6, 130, 174, 234, 237, 207, 88, 10, 129, 251, 99, 223, 108, 36, 182, 21], [3, 3, 178, 231, 128, 116, 116, 240, 126, 46, 66, 26, 204, 43, 247, 150, 37, 69, 109, 19, 84, 35, 26, 24, 169, 196, 77, 250, 56, 160, 38, 186, 130], [3, 12, 172, 109, 147, 100, 2, 102, 198, 158, 122, 9, 79, 247, 77, 54, 37, 10, 252, 53, 3, 209, 207, 93, 0, 211, 183, 96, 112, 177, 212, 61, 33], [3, 139, 234, 104, 140, 173, 219, 198, 182, 225, 56, 32, 21, 214, 124, 106, 103, 175, 100, 111, 227, 85, 1, 176, 138, 149, 183, 103, 85, 12, 213, 205, 74], [3, 63, 8, 54, 105, 239, 202, 78, 99, 212, 71, 214, 222, 3, 198, 248, 195, 62, 200, 61, 75, 184, 74, 226, 178, 81, 252, 133, 177, 233, 12, 130, 249]]
OK from handshake
state change HS

Recieved other's vk: 
 [[2, 234, 16, 180, 75, 249, 181, 144, 123, 118, 233, 149, 8, 28, 236, 230, 243, 3, 196, 215, 201, 137, 99, 254, 122, 136, 161, 179, 220, 245, 47, 1, 167], [2, 223, 217, 129, 105, 92, 73, 251, 208, 7, 124, 220, 25, 90, 225, 239, 128, 162, 34, 238, 87, 232, 224, 26, 106, 124, 174, 131, 165, 89, 37, 88, 18], [2, 145, 201, 16, 60, 74, 197, 187, 162, 129, 227, 194, 0, 5, 69, 44, 39, 8, 84, 210, 62, 117, 144, 198, 106, 92, 80, 221, 252, 21, 215, 61, 168], [2, 38, 28, 155, 206, 70, 166, 50, 250, 216, 13, 187, 181, 194, 2, 66, 211, 144, 210, 37, 128, 52, 58, 119, 178, 52, 15, 142, 221, 182, 51, 75, 1], [2, 156, 50, 186, 242, 170, 159, 198, 126, 91, 41, 41, 155, 213, 229, 46, 217, 115, 184, 213, 207, 100, 11, 134, 54, 6, 176, 47, 238, 202, 25, 121, 119], [2, 179, 187, 233, 245, 95, 81, 117, 240, 225, 118, 212, 152, 56, 57, 249, 128, 6, 130, 174, 234, 237, 207, 88, 10, 129, 251, 99, 223, 108, 36, 182, 21], [3, 3, 178, 231, 128, 116, 116, 240, 126, 46, 66, 26, 204, 43, 247, 150, 37, 69, 109, 19, 84, 35, 26, 24, 169,  [[2, 234, 16, 180, 75, 249, 181, 144, 123, 118, 233, 149, 8, 28, 236, 230, 243, 3, 196, 215, 201, 137, 99, 254, 122, 136, 161, 179, 220, 245, 47, 1, 167], [2, 223, 217, 129, 105, 92, 73, 251, 208, 7, 124, 220, 25, 90, 225, 239, 128, 162, 34, 238, 87, 232, 224, 26, 106, 124, 174, 131, 165, 89, 37, 88, 18], [2, 145, 201, 16, 60, 74, 197, 187, 162, 129, 227, 194, 0, 5, 69, 44, 39, 8, 84, 210, 62, 117, 144, 198, 106, 92, 80, 221, 252, 21, 215, 61, 168], [2, 38, 28, 155, 206, 70, 166, 50, 250, 216, 13, 187, 181, 194, 2, 66, 211, 144, 210, 37, 128, 52, 58, 119, 178, 52, 15, 142, 221, 182, 51, 75, 1], [2, 156, 50, 186, 242, 170, 159, 198, 126, 91, 41, 41, 155, 213, 229, 46, 217, 115, 184, 213, 207, 100, 11, 134, 54, 6, 176, 47, 238, 202, 25, 121, 119], [2, 179, 187, 233, 245, 95, 81, 117, 240, 225, 118, 212, 152, 56, 57, 249, 128, 6, 130, 174, 234, 237, 207, 88, 10, 129, 251, 99, 223, 108, 36, 182, 21], [3, 3, 178, 231, 128, 116, 116, 240, 126, 46, 66, 26, 204, 43, 247, 150, 37, 69, 109, 19, 84, 35, 26, 24, 169, 196, 77, 250, 56, 160, 38, 186, 130], [3, 12, 172, 109, 147, 100, 2, 102, 198, 158, 122, 9, 79, 247, 77, 54, 37, 10, 252, 53, 3, 209, 207, 93, 0, 211, 183, 96, 112, 177, 212, 61, 33], [3, 139, 234, 104, 140, 173, 219, 198, 182, 225, 56, 32, 21, 214, 124, 106, 103, 175, 100, 111, 227, 85, 1, 176, 138, 149, 183, 103, 85, 12, 213, 205, 74], [3, 63, 8, 54, 105, 239, 202, 78, 99, 212, 71, 214, 222, 3, 198, 248, 195, 62, 200, 61, 75, 184, 74, 226, 178, 81, 252, 133, 177, 233, 12, 130, 249]]
196, 77, 250, 56, 160, 38, 186, 130], [3, 12, 172, 109, 147, 100, 2, 102, 198, 158, 122, 9, 79, 247, 77, 54, 37, 10, 252, 53, 3, 209, 207, 93, 0, 211, 183, 96, 112, 177, 212, 61, 33], [3, 139, 234, 104, 140, 173, 219, 198, 182, 225, 56, 32, 21, 214, 124, 106, 103, 175, 100, 111, 227, 85, 1, 176, 138, 149, 183, 103, 85, 12, 213, 205, 74], [3, 63, 8, 54, 105, 239, 202, 78, 99, 212, 71, 214, 222, 3, 198, 248, 195, 62, 200, 61, 75, 184, 74, 226, 178, 81, 252, 133, 177, 233, 12, 130, 249]]
OK from handshake
OK from handshake
state change HS

Recieved other's vk: 
 [[2, 234, 16, 180, 75, 249, 181, 144, 123, 118, 233, 149, 8, 28, 236, 230, 243, 3, 196, 215, 201, 137, 99, 254, 122, 136, 161, 179, 220, 245, 47, 1, 167], [2, 223, 217, 129, 105, 92, 73, 251, 208, 7, 124, 220, 25, 90, 225, 239, 128, 162, 34, 238, 87, 232, 224, 26, 106, 124, 174, 131, 165, 89, 37, 88, 18], [2, 145, 201, 16, 60, 74, 197, 187, 162, 129, 227, 194, 0, 5, 69, 44, 39, 8, 84, 210, 62, 117, 144, 198, 106, 92, 80, 221, 252, 21, 215, 61, 168], [2, 38, 28, 155, 206, 70, 166, 50, 250, 216, 13, 187, 181, 194, 2, 66, 211, 144, 210, 37, 128, 52, 58, 119, 178, 52, 15, 142, 221, 182, 51, 75, 1], [2, 156, 50, 186, 242, 170, 159, 198, 126, 91, 41, 41, 155, 213, 229, 46, 217, 115, 184, 213, 207, 100, 11, 134, 54, 6, 176, 47, 238, 202, 25, 121, 119], [2, 179, 187, 233, 245, 95, 81, 117, 240, 225, 118, 212, 152, 56, 57, 249, 128, 6, 130, 174, 234, 237, 207, 88, 10, 129, 251, 99, 223, 108, 36, 182, 21], [3, 3, 178, 231, 128, 116, 116, 240, 126, 46, 66, 26, 204, 43, 247, 150, 37, 69, 109, 19, 84, 35, 26, 24, 169, 196, 77, 250, 56, 160, 38, 186, 130], [3, 12, 172, 109, 147, 100, 2, 102, 198, 158, 122, 9, 79, 247, 77, 54, 37, 10, 252, 53, 3, 209, 207, 93, 0, 211, 183, 96, 112, 177, 212, 61, 33], [3, 139, 234, 104, 140, 173, 219, 198, 182, 225, 56, 32, 21, 214, 124, 106, 103, 175, 100, 111, 227, 85, 1, 176, 138, 149, 183, 103, 85, 12, 213, 205, 74], [3, 63, 8, 54, 105, 239, 202, 78, 99, 212, 71, 214, 222, 3, 198, 248, 195, 62, 200, 61, 75, 184, 74, 226, 178, 81, 252, 133, 177, 233, 12, 130, 249]]
OK from handshake
waiting for HS ....
state change HS

Recieved other's vk: 
 [[2, 234, 16, 180, 75, 249, 181, 144, 123, 118, 233, 149, 8, 28, 236, 230, 243, 3, 196, 215, 201, 137, 99, 254, 122, 136, 161, 179, 220, 245, 47, 1, 167], [2, 223, 217, 129, 105, 92, 73, 251, 208, 7, 124, 220, 25, 90, 225, 239, 128, 162, 34, 238, 87, 232, 224, 26, 106, 124, 174, 131, 165, 89, 37, 88, 18], [2, 145, 201, 16, 60, 74, 197, 187, 162, 129, 227, 194, 0, 5, 69, 44, 39, 8, 84, 210, 62, 117, 144, 198, 106, 92, 80, 221, 252, 21, 215, 61, 168], [2, 38, 28, 155, 206, 70, 166, 50, 250, 216, 13, 187, 181, 194, 2, 66, 211, 144, 210, 37, 128, 52, 58, 119, 178, 52, 15, 142, 221, 182, 51, 75, 1], [2, 156, 50, 186, 242, 170, 159, 198, 126, 91, 41, 41, 155, 213, 229, 46, 217, 115, 184, 213, 207, 100, 11, 134, 54, 6, 176, 47, 238, 202, 25, 121, 119], [2, 179, 187, 233, 245, 95, 81, 117, 240, 225, 118, 212, 152, 56, 57, 249, 128, 6, 130, 174, 234, 237, 207, 88, 10, 129, 251, 99, 223, 108, 36, 182, 21], [3, 3, 178, 231, 128, 116, 116, 240, 126, 46, 66, 26, 204, 43, 247, 150, 37, 69, 109, 19, 84, 35, 26, 24, 169, 196, 77, 250, 56, 160, 38, 186, 130], [3, 12, 172, 109, 147, 100, 2, 102, 198, 158, 122, 9, 79, 247, 77, 54, 37, 10, 252, 53, 3, 209, 207, 93, 0, 211, 183, 96, 112, 177, 212, 61, 33], [3, 139, 234, 104, 140, 173, 219, 198, 182, 225, 56, 32, 21, 214, 124, 106, 103, 175, 100, 111, 227, 85, 1, 176, 138, 149, 183, 103, 85, 12, 213, 205, 74], [3, 63, 8, 54, 105, 239, 202, 78, 99, 212, 71, 214, 222, 3, 198, 248, 195, 62, 200, 61, 75, 184, 74, 226, 178, 81, 252, 133, 177, 233, 12, 130, 249]]
OK from handshake
state change HS

Recieved other's vk: 
 [[2, 234, 16, 180, 75, 249, 181, 144, 123, 118, 233, 149, 8, 28, 236, 230, 243, 3, 196, 215, 201, 137, 99, 254, 122, 136, 161, 179, 220, 245, 47, 1, 167], [2, 223, 217, 129, 105, 92, 73, 251, 208, 7, 124, 220, 25, 90, 225, 239, 128, 162, 34, 238, 87, 232, 224, 26, 106, 124, 174, 131, 165, 89, 37, 88, 18], [2, 145, 201, 16, 60, 74, 197, 187, 162, 129, 227, 194, 0, 5, 69, 44, 39, 8, 84, 210, 62, 117, 144, 198, 106, 92, 80, 221, 252, 21, 215, 61, 168], [2, 38, 28, 155, 206, 70, 166, 50, 250, 216, 13, 187, 181, 194, 2, 66, 211, 144, 210, 37, 128, 52, 58, 119, 178, 52, 15, 142, 221, 182, 51, 75, 1], [2, 156, 50, 186, 242, 170, 159, 198, 126, 91, 41, 41, 155, 213, 229, 46, 217, 115, 184, 213, 207, 100, 11, 134, 54, 6, 176, 47, 238, 202, 25, 121, 119], [2, 179, 187, 233, 245, 95, 81, 117, 240, 225, 118, 212, 152, 56, 57, 249, 128, 6, 130, 174, 234, 237, 207, 88, 10, 129, 251, 99, 223, 108, 36, 182, 21], [3, 3, 178, 231, 128, 116, 116, 240, 126, 46, 66, 26, 204, 43, 247, 150, 37, 69, 109, 19, 84, 35, 26, 24, 169, 196, 77, 250, 56, 160, 38, 186, 130], [3, 12, 172, 109, 147, 100, 2, 102, 198, 158, 122, 9, 79, 247, 77, 54, 37, 10, 252, 53, 3, 209, 207, 93, 0, 211, 183, 96, 112, 177, 212, 61, 33], [3, 139, 234, 104, 140, 173, 219, 198, 182, 225, 56, 32, 21, 214, 124, 106, 103, 175, 100, 111, 227, 85, 1, 176, 138, 149, 183, 103, 85, 12, 213, 205, 74], [3, 63, 8, 54, 105, 239, 202, 78, 99, 212, 71, 214, 222, 3, 198, 248, 195, 62, 200, 61, 75, 184, 74, 226, 178, 81, 252, 133, 177, 233, 12, 130, 249]]
OK from handshake
"Your publicKey has been save."
waiting for KE ....
"Your publicKey has been save."
waiting for KE ....
"Your publicKey has been save."
waiting for KE ....
"Your publicKey has been save."
waiting for KE ....
"Your publicKey has been save."
waiting for KE ....
"Your publicKey has been save."
waiting for KE ....
"Your publicKey has been save."
waiting for KE ....
"Your publicKey has been save."
waiting for KE ....
"Your publicKey has been save."
waiting for KE ....
state change KE

state change KE

Recieved other's pk: 
state change KE

Recieved other's pk: 
 [[4, 251, 79, 251, 65, 50, 255, 69, 61, 127, 70, 7, 216, 40, 250, 210, 130, 221, 245, 234, 40, 83, 191, 97, 149, 110, 110, 92, 39, 205, 11, 241, 132, 40, 242, 18, 131, 11, 218, 227, 204, 242, 16, 18, 117, 30, 236, 87, 185, 5, 201, 130, 170, 36, 137, 224, 81, 137, 177, 116, 181, 193, 202, 233, 134], [4, 44, 59, 168, 21, 205, 239, 124, 85, 243, 59, 239, 59, 79, 105, 226, 77, 116, 15, 73, 106, 47, 6, 99, 14, 191, 217, 100, 109, 83, 167, 61, 67, 115, 85, 177, 41, 55, 151, 29, 180, 242, 13, 196, 140, 72, 136, 223, 117, 93, 69, 149, 96, 253, 75, 209, 229, 172, 189, 5, 109, 233, 161, 9, 155], [4, 85, 13, 85, 107, 50, 250, 55, 103, 78, 254, 142, 89, 111, 221, 29, 47, 33, 78, 176, 162, 208, 182, 245, 93, 19, 173, 152, 46, 6, 203, 0, 76, 1, 152, 17, 129, 8, 181, 23, 82, 11, 173, 177, 4, 58, 18, 14, 207, 180, 73, 69, 184, 193, 111, 138, 197, 53, 151, 16, 71, 79, 70, 117, 132], [4, 243, 88, 65, 44, 30, 151, 102, 41, 25state change KE

Recieved other's pk: 
state change KE

 [[4, 251, 79, 251, 65, 50, 255, 69, 61, 127, 70, 7, 216, 40, 250, 210, 130, 221, 245, 234, 40, 83, 191, 97, 149, 110, 110, 92, 39, 205, 11, 241, 132, 40, 242, 18, 131, 11, 218, 227, 204, 242, 16, 18, 117, 30, 236, 87, 185, 5, 201, 130, 170, 36, 137, 224, 81, 137, 177, 116, 181, 193, 202, 233, 134], [4, 44, 59, 168, 21, 205, 239, 124, 85, 243, 59, 239, 59, 79, 105, 226, 77, 116, 15, 73, 106, 47, 6, 99, 14, 191, 217, 100, 109, 83, 167, 61, 67, 115, 85, 177, 41, 55, 151, 29, 180, 242, 13, 196, 140, 72, 136, 223, 117, 93, 69, 149, 96, 253, 75, 209, 229, 172, 189, 5, 109, 233, 161, 9, 155], [4, 85, 13, 85, 107, 50, 250, 55, 103, 78, 254, 142, 89, 111, 221, 29, 47, 33, 78, 176, 162, 208, 182, 245, 93, 19, 173, 152, 46, 6, 203, 0, 76, 1, 152, 17, 129, 8, 181, 23, 82, 11, 173, 177, 4, 58, 18, 14, 207, 180, 73, 69, 184, 193, 111, 138, 197, 53, 151, 16, 71, 79, 70, 117, 132], [4, 243, 88, 65, 44, 30, 151, 102, 41, 25, 140, 195, 125, 175, 45, 52, 67, 118, 107, 21, 254, 63, 192,state change KE

Recieved other's pk: 
state change KE

 [[4, 251, 79, 251, 65, 50, 255, 69, 61, 127, 70, 7, 216, 40, 250, 210, 130, 221, 245, 234, 40, 83, 191, 97, 149, 110, 110, 92, 39, 205, 11, 241, 132, 40, 242, 18, 131, 11, 218, 227, 204, 242, 16, 18, 117, 30, 236, 87, 185, 5, 201, 130, 170, 36, 137, 224, 81, 137, 177, 116, 181, 193, 202, 233, 134], [4, 44, 59, 168, 21, 205, 239, 124, 85, 243, 59, 239, 59, 79, 105, 226, 77, 116, 15, 73, 106, 47, 6, 99, 14, 191, 217, 100, 109, 83, 167, 61, 67, 115, 85, 177, 41, 55, 151, 29, 180, 242, 13, 196, 140, 72, 136, 223, 117, 93, 69, 149, 96, 253, 75, 209, 229, 172, 189, 5, 109, 233, 161, 9, 155], [4, 85, 13, 85, 107, 50, 250, 55, 103, 78, 254, 142, 89, 111, 221, 29, 47, 33, 78, 176, 162, 208, 182, 245, 93, 19, 173, 152, 46, 6, 203, 0, 76, 1, 152, 17, 129, 8, 181, 23, 82, 11, 173, 177, 4, 58, 18, 14, 207, 180, 73, 69, 184, 193, 111, 138, 197, 53, 151, 16, 71, 79, 70, 117, 132], [4, 243, 88, 65, 44, 30, 151, 102, 41, 25, 140, 195, 125, 175, 45, 52, 67, 118, 107, 21, 254, 63, 192, 184, 210, 80, 94, 18, 127, 91, 141, 102, Recieved other's pk: 
, 140, 195, 125, 175, 45, 52, 67, 118, 107, 21, 254, 63, 192, 184, 210, 80, 94, 18, 127, 91, 141, 102, 202, 248, 229, 147, 30, 8, 255, 241, 199, 0, 213, 242, 201, 167, 52, 128, 49, 211, 39, 82, 129, 184, 91, 184, 179, 90, 227, 32, 228, 181, 90, 105, 236], [4, 20, 149, 124, 97, 61, 142, 200, 61, 144, 166, 211, 111, 206, 203, 28, 24, 118, 36, 33, 169, 138, 89, 213, 93, 139, 144, 191, 166, 254, 159, 35, 104, 127, 67, 5, 162, 185, 20, 231, 222, 101, 192, 146, 29, 89, 199, 173, 50, 112, 48, 49, 103, 216, 36, 6, 116, 52, 203, 194, 234, 110, 21, 107, 229], [4, 160, 78, 222, 17, 45, 192, 78, 5, 69, 203, 207, 41, 176, 202, 143, 79, 62, 91, 78, 248, 33, 68, 251, 13, 103, 77, 123, 63, 90, 56, 45, 94, 245, 69, 169, 118, 246, 55, 45, 157, 160, 101, 14, 205, 110, 28, 13, 177, 244, 103, 107, 51, 166, 114, 168, 176, 26, 150, 183, 194, 181, 178, 85, 96], [4, 89, 168, 148, 227, 216, 63, 15, 150, 223, 176, 125, 185, 52, 118, 195, 182, 209, 178, 77, 34, 139, 111, 0, 213, 129, 252, 212, 141, 33, 240, 132, 102, 115, 126, 73, 98, 76, 6, 26, 184, 205, 85, 57, 94, 244, 10, 226, 191, 61, 206, 133, 76, 204, 107, 40, 202, 46, 98, 153, 48, 201, 190, 96, 32], [4, 86, 91, 148, 33, 165, 153, 78, 73, 81, 4, 201, 6, 4, 116, 49, 158, 82, 232, 173, 195, 142, 123, 159, 171, 45, 98, 225, 76, 64, 155, 159, 189, 156, 62, 193, 103, 56, 134, 126, 178, 24, 162, 237, 224, 193, 134, 168, 123, 238, 73, 74, 188, 137, 119, 98, 54, 131, 154, 129, 175, 241, 200, 67, 232], [4, 147, 251, 17, 12, 84, 154, 179, 243, 249, 27, 29, 64, 97, 76, 102, 210, 126, 72, 16, 46, 38, 132, 216, 101, 47, 148, 182, 95, 179, 17, 165, 45, 236, 216, 5, 35, 137, 142, 111, 103, 103, 169, 102, 120, 135, 166, 127, 165, 100, 81, 30, 153, 78, 233, 188, 188, 231, 183, 255, 110, 71, 152, 54, 167], [4, 74, 41, 50, 97, 31, 25, 133, 106, 217, 8, 171, 150, 123, 91, 107, 45, 159, 57, 3, 146, 143, 207, 111, 183, 142, 192, 78, 62, 194, 207, 247, 124, 80, 125, 172, 116, 219, 91, 227, 29, 225, 231, 100, 132, 155, 160, 109, 60, 120, 183, 85, 150, 43, 97, 154, 46, 186, 189, 202, 46, 202, 227, 208, 167]]
state change KE

Recieved other's pk: 
Recieved other's pk: 
 [[4, 251, 79, 251, 65, 50, 255, 69, 61, 127, 70, 7, 216, 40, 250, 210, 130, 221, 245, 234, 40, 83, 191, 97, 149, 110, 110, 92, 39, 205, 11, 241, 132, 40, 242, 18, 131, 11, 218, 227, 204, 242, 16, 18, 117, 30, 236, 87, 185, 5, 201, 130, 170, 36, 137, 224, 81, 137, 177, 116, 181, 193, 202, 233, 134], [4, 44, 59, 168, 21, 205, 239, 124, 85, 243, 59, 239, 59, 79, 105, 226, 77, 116, 15, 73, 106, 47, 6, 99, 14, 191, 217, 100, 109, 83, 167, 61, 67, 115, 85, 177, 41, 55, 151, 29, 180, 242, 13, 196, 140, 72, 136, 223, 117, 93, 69, 149, 96, 253, 75, 209, 229, 172, 189, 5, 109, 233, 161, 9, 155], [4, 85, 13, 85, 107, 50, 250, 55, 103, 78, 254, 142, 89, 111, 221, 29, 47, 33, 78, 176, 162, 208, 182, 245, 93, 19, 173, 152, 46, 6, 203, 0, 76, 1, 152, 17, 129, 8, 181, 23, 82, 11, 173, 177, 4, 58, 18, 14, 207, 180, 73, 69, 184, 193, 111, 138, 197, 53, 151, 16, 71, 79, 70, 117, 132], [4, 243, 88, 65, 44, 30, 151, 102, 41, 25, 140, 195, 125, 175, 45, 52, 67, 118, 107, 21, 254, 63, 192, 184, 210, 80, 94, 18, 127, 91, 141, 102,  [[4, 251, 79, 251, 65, 50, 255, 69, 61, 127, 70, 7, 216, 40, 250, 210, 130, 221, 245, 234, 40, 83, 191, 97, 149, 110, 110, 92, 39, 205, 11, 241, 132, 40, 242, 18, 131, 11, 218, 227, 204, 242, 16, 18, 117, 30, 236, 87, 185, 5, 201, 130, 170, 36, 137, 224, 81, 137, 177, 116, 181, 193, 202, 233, 134], [4, 44, 59, 168, 21, 205, 239, 124, 85, 243, 59, 239, 59, 79, 105, 226, 77, 116, 15, 73, 106, 47, 6, 99, 14, 191, 217, 100, 109, 83, 167, 61, 67, 115, 85, 177, 41, 55, 151, 29, 180, 242, 13, 196, 140, 72, 136, 223, 117, 93, 69, 149, 96, 253, 75, 209, 229, 172, 189, 5, 109, 233, 161, 9, 155], [4, 85, 13, 85, 107, 50, 250, 55, 103, 78, 254, 142, 89, 111, 221, 29, 47, 33, 78, 176, 162, 208, 182, 245, 93, 19, 173, 152, 46, 6, 203, 0, 76, 1, 152, 17, 129, 8, 181, 23, 82, 11, 173, 177, 4, 58, 18, 14, 207, 180, 73, 69, 184, 193, 111, 138, 197, 53, 151, 16, 71, 79, 70, 117, 132], [4, 243, 88, 65, 44, 30, 151, 102, 41, 25, 140, 195, 125, 175, 45, 52, 67, 118, 107, 21, 254, 63, 192, 184, 210, 80, 94, 18, 127, 91, 141, 102, 202, 248, 229, 147, 30, 8, 255, 241, 199, 0, 213, 242, 201, 167, 52, 128, 49, 211, 39, 82, 129, 184, 91, 184, 179, 90, 227, 32, 228, 181, 90, 105, 236], [4, 20, 149, 124, 97, 61, 142, 200, 61, 144, 166, 211, 111, 206, 203, 28, 24, 118, 36, 33, 169, 138, 89, 213, 93, 139, 144, 191, 166, 254, 159, 35, 104, 127, 67, 5, 162, 185, 20, 231, 222, 101, 192, 146, 29, 89, 199, 173, 50, 112, 48, 49, 103, 216, 36, 6, 116, 52, 203, 194, 234, 110, 21, 107, 229], [4, 160, 78, 222, 17, 45, 192, 78, 5, 69, 203, 207, 41, 176, 202, 143, 79, 62, 91, 78, 248, 33, 68, 251, 13, 103, 77, 123, 63, 90, 56, 45, 94, 245, 69, 169, 118, 246, 55, 45, 157, 160, 101, 14, 205, 110, 28, 13, 177, 244, 103, 107, 51, 166, 114, 168, 176, 26, 150, 183, 194, 181, 178, 85, 96], [4, 89, 168, 148, 227, 216, 63, 15, 150, 223, 176, 125, 185, 52, 118, 195, 182, 209, 178, 77, 34, 139, 111, 0, 213, 129, 252, 212, 141, 33, 240, 132, 102, 115, 126, 73, 98, 76, 6, 26, 184, 205, 85, 57, 94, 244, 10, 226, 191, 61, 206, 133, 76, 204, 107, 40, 202, 46, 98, 153, 48202, 248, 229, 147, 30, 8, 255, 241, 199, 0, 213, 242, 201, 167, 52, 128, 49, 211, 39, 82, 129, 184, 91, 184, 179, 90, 227, 32, 228, 181, 90, 105, 236], [4, 20, 149, 124, 97, 61, 142, 200, 61, 144, 166, 211, 111, 206, 203, 28, 24, 118, 36, 33, 169, 138, 89, 213, 93, 139, 144, 191, 166, 254, 159, 35, 104, 127, 67, 5, 162, 185, 20, 231, 222, 101, 192, 146, 29, 89, 199, 173, 50, 112, 48, 49, 103, 216, 36, 6, 116, 52, 203, 194, 234, 110, 21, 107, 229], [4, 160, 78, 222, 17, 45, 192, 78, 5, 69, 203, 207, 41, 176, 202, 143, 79, 62, 91, 78, 248, 33, 68, 251, 13, 103, 77, 123, 63, 90, 56, 45, 94, 245, 69, 169, 118, 246, 55, 45, 157, 160, 101, 14, 205, 110, 28, 13, 177, 244, 103, 107, 51, 166, 114, 168, 176, 26, 150, 183, 194, 181, 178, 85, 96], [4, 89, 168, 148, 227, 216, 63, 15, 150, 223, 176, 125, 185, 52, 118, 195, 182, 209, 178, 77, 34, 139, 111, 0, 213, 129, 252, 212, 141, 33, 240, 132, 102, 115, 126, 73, 98, 76, 6, 26, 184, 205, 85, 57, 94, 244, 10, 226, 191, 61, 206, 133, 76, 204, 107, 40, 202, 46, 98, 153, 48, 201, 190, 96, 32], [4, 86, 91, 148, 33, 165, 153, 78, 73, 81, 4, 201, 6, 4, 116, 49, 158, 82, 232, 173, 195, 142, 123, 159, 171, 45, 98, 225, 76, 64, 155, 159, 189, 156, 62, 193, 103, 56, 134, 126, 178, 24, 162, 237, 224, 193, 134, 168, 123, 238, 73, 74, 188, 137, 119, 98, 54, 131, 154, 129, 175, 241, 200, 67, 232], [4, 147, 251, 17, 12, 84, 154, 179, 243, 249, 27, 29, 64, 97, 76, 102, 210, 126, 72, 16, 46, 38, 132, 216, 101, 47, 148, 182, 95, 179, 17, 165, 45, 236, 216, 5, 35, 137, 142, 111, 103, 103, 169, 102, 120, 135, 166, 127, 165, 100, 81, 30, 153, 78, 233, 188, 188, 231, 183, 255, 110, 71, 152, 54, 167], [4, 74, 41, 50, 97, 31, 25, 133, 106, 217, 8, 171, 150, 123, 91, 107, 45, 159, 57, 3, 146, 143, 207, 111, 183, 142, 192, 78, 62, 194, 207, 247, 124, 80, 125, 172, 116, 219, 91, 227, 29, 225, 231, 100, 132, 155, 160, 109, 60, 120, 183, 85, 150, 43, 97, 154, 46, 186, 189, 202, 46, 202, 227, 208, 167]]
, 201, 190, 96, 32], [4, 86, 91, 148, 33, 165, 153, 78, 73, 81, 4, 201, 6, 4, 116, 49, 158, 82, 232, 173, 195, 142, 123, 159, 171, 45, 98, 225, 76, 64, 155, 159, 189, 156, 62, 193, 103, 56, 134, 126, 178, 24, 162, 237, 224, 193, 134, 168, 123, 238, 73, 74, 188, 137, 119, 98, 54, 131, 154, 129, 175, 241, 200, 67, 232], [4, 147, 251, 17, 12, 84, 154, 179, 243, 249, 27, 29, 64, 97, 76, 102, 210, 126, 72, 16, 46, 38, 132, 216, 101, 47, 148, 182, 95, 179, 17, 165, 45, 236, 216, 5, 35, 137, 142, 111, 103, 103, 169, 102, 120, 135, 166, 127, 165, 100, 81, 30, 153, 78, 233, 188, 188, 231, 183, 255, 110, 71, 152, 54, 167], [4, 74, 41, 50, 97, 31, 25, 133, 106, 217, 8, 171, 150, 123, 91, 107, 45, 159, 57, 3, 146, 143, 207, 111, 183, 142, 192, 78, 62, 194, 207, 247, 124, 80, 125, 172, 116, 219, 91, 227, 29, 225, 231, 100, 132, 155, 160, 109, 60, 120, 183, 85, 150, 43, 97, 154, 46, 186, 189, 202, 46, 202, 227, 208, 167]]
 [[4, 251, 79, 251, 65, 50, 255, 69, 61, 127, 70, 7, 216, 40, 250, 210, 130, 221, 245, 234, 40, 83, 191, 97, 149, 110, 110, 92, 39, 205, 11, 241, 132, 40, 242, 18, 131, 11, 218, 227, 204, 242, 16, 18, 117, 30, 236, 87, 185, 5, 201, 130, 170, 36, 137, 224, 81, 137, 177, 116, 181, 193, 202, 233, 134], [4, 44, 59, 168, 21, 205, 239, 124, 85, 243, 59, 239, 59, 79, 105, 226, 77, 116, 15, 73, 106, 47, 6, 99, 14, 191, 217, 100, 109, 83, 167, 61, 67, 115, 85, 177, 41, 55, 151, 29, 180, 242, 13, 196, 140, 72, 136, 223, 117, 93, 69, 149, 96, 253, 75, 209, 229, 172, 189, 5, 109, 233, 161, 9, 155], [4, 85, 13, 85, 107, 50, 250, 55, 103, 78, 254, 142, 89, 111, 221, 29, 47, 33, 78, 176, 162, 208, 182, 245, 93, 19, 173, 152, 46, 6, 203, 0, 76, 1, 152, 17, 129, 8, 181, 23, 82, 11, 173, 177, 4, 58, 18, 14, 207, 180, 73, 69, 184, 193, 111, 138, 197, 53, 151, 16, 71, 79, 70, 117, 132], [4, 243, 88, 65, 44, 30, 151, 102, 41, 25, 140, 195, 125, 175, 45, 52, 67, 118, 107, 21, 254, 63, 192, 184, 210, 80, 94, 18, 127, 91, 141, 102, 202, 248, 229, 147, 30, 8, 255, 241, 199, 0, 213, 242, 201, 167, 52, 128, 49, 211, 39, 82, 129, 184, 91, 184, 179, 90, 227, 32, 228, 181, 90, 105, 236], [4, 20, 149, 124, 97, 61, 142, 200, 61, 144, 166, 211, 111, 206, 203, 28, 24, 118, 36, 33, 169, 138, 89, 213, 93, 139, 144, 191, 166, 254, 159, 35, 104, 127, 67, 5, 162, 185, 20, 231, 222, 101, 192, 146, 29, 89, 199, 173, 50, 112, 48, 49, 103, 216, 36, 6, 116, 52, 203, 194, 234, 110, 21, 107, 229], [4, 160, 78, 222, 17, 45, 192, 78, 5, 69, 203, 207, 41, 176, 202, 143, 79, 62, 91, 78, 248, 33, 68, 251, 13, 103, 77, 123, 63, 90, 56, 45, 94, 245, 69, 169, 118, 246, 55, 45, 157, 160, 101, 14, 205, 110, 28, 13, 177, 244, 103, 107, 51, 166, 114, 168, 176, 26, 150, 183, 194, 181, 178, 85, 96], [4, 89, 168, 148, 227, 216, 63, 15, 150, 223, 176, 125, 185, 52, 118, 195, 182, 209, 178, 77, 34, 139, 111, 0, 213, 129, 252, 212, 141, 33, 240, 132, 102, 115, 126, 73, 98, 76, 6, 26, 184, 205, 85, 57, 94, 244, 10, 226, 191, 61, 206, 133, 76, 204, 107, 40, 202, 46, 98, 153, 48 [[4, 251, 79, 251, 65, 50, 255, 69, 61, 127, 70, 7, 216, 40, 250, 210, 130, 221, 245, 234, 40, 83, 191, 97, 149, 110, 110, 92, 39, 205, 11, 241, 132, 40, 242, 18, 131, 11, 218, 227, 204, 242, 16, 18, 117, 30, 236, 87, 185, 5, 201, 130, 170, 36, 137, 224, 81, 137, 177, 116, 181, 193, 202, 233, 134], [4, 44, 59, 168, 21, 205, 239, 124, 85, 243, 59, 239, 59, 79, 105, 226, 77, 116, 15, 73, 106, 47, 6, 99, 14, 191, 217, 100, 109, 83, 167, 61, 67, 115, 85, 177, 41, 55, 151, 29, 180, 242, 13, 196, 140, 72, 136, 223, 117, 93, 69, 149, 96, 253, 75, 209, 229, 172, 189, 5, 109, 233, 161, 9, 155], [4, 85, 13, 85, 107, 50, 250, 55, 103, 78, 254, 142, 89, 111, 221, 29, 47, 33, 78, 176, 162, 208, 182, 245, 93, 19, 173, 152, 46, 6, 203, 0, 76, 1, 152, 17, 129, 8, 181, 23, 82, 11, 173, 177, 4, 58, 18, 14, 207, 180, 73, 69, 184, 193, 111, 138, 197, 53, 151, 16, 71, 79, 70, 117, 132], [4, 243, 88, 65, 44, 30, 151, 102, 41, 25, 140, 195, 125, 175, 45, 52, 67, 118, 107, 21, 254, 63, 192, 184, 210, 80, 94, 18, 127, 91, 141, 102, 202, 248, 229, 147, 30, 8, 255, 241, 199, 0, 213, 242, 201, 167, 52, 128, 49, 211, 39, 82, 129, 184, 91, 184, 179, 90, 227, 32, 228, 181, 90, 105, 236], [4, 20, 149, 124, 97, 61, 142, 200, 61, 144, 166, 211, 111, 206, 203, 28, 24, 118, 36, 33, 169, 138, 89, 213, 93, 139, 144, 191, 166, 254, 159, 35, 104, 127, 67, 5, 162, 185, 20, 231, 222, 101, 192, 146, 29, 89, 199, 173, 50, 112, 48, 49, 103, 216, 36, 6, 116, 52, 203, 194, 234, 110, 21, 107, 229], [4, 160, 78, 222, 17, 45, 192, 78, 5, 69, 203, 207, 41, 176, 202, 143, 79, 62, 91, 78, 248, 33, 68, 251, 13, 103, 77, 123, 63, 90, 56, 45, 94, 245, 69, 169, 118, 246, 55, 45, 157, 160, 101, 14, 205, 110, 28, 13, 177, 244, 103, 107, 51, 166, 114, 168, 176, 26, 150, 183, 194, 181, 178, 85, 96], [4, 89, 168, 148, 227, 216, 63, 15, 150, 223, 176, 125, 185, 52, 118, 195, 182, 209, 178, 77, 34, 139, 111, 0, 213, 129, 252, 212, 141, 33, 240, 132, 102, 115, 126, 73, 98, 76, 6, 26, 184, 205, 85, 57, 94, 244, 10, 226, 191, 61, 206, 133, 76, 204, 107, 40, 202, 46, 98, 153, 48, 201, 190, 96, 32], [4, 86, 91, 148, 33, 165, 153, 78, 73, 81, 4, 201, 6, 4, 116, 49, 158, 82, 232, 173, 195, 142, 123, 159, 171, 45, 98, 225, 76, 64, 155, 159, 189, 156, 62, 193, 103, 56, 134, 126, 178, 24, 162, 237, 224, 193, 134, 168, 123, 238, 73, 74, 188, 137, 119, 98, 54, 131, 154, 129, 175, 241, 200, 67, 232], [4, 147, 251, 17, 12, 84, 154, 179, 243, 249, 27, 29, 64, 97, 76, 102, 210, 126, 72, 16, 46, 38, 132, 216, 101, 47, 148, 182, 95, 179, 17, 165, 45, 236, 216, 5, 35, 137, 142, 111, 103, 103, 169, 102, 120, 135, 166, 127, 165, 100, 81, 30, 153, 78, 233, 188, 188, 231, 183, 255, 110, 71, 152, 54, 167], [4, 74, 41, 50, 97, 31, 25, 133, 106, 217, 8, 171, 150, 123, 91, 107, 45, 159, 57, 3, 146, 143, 207, 111, 183, 142, 192, 78, 62, 194, 207, 247, 124, 80, 125, 172, 116, 219, 91, 227, 29, 225, 231, 100, 132, 155, 160, 109, 60, 120, 183, 85, 150, 43, 97, 154, 46, 186, 189, 202, 46, 202, 227, 208, 167]]
, 201, 190, 96, 32], [4, 86, 91, 148, 33, 165, 153, 78, 73, 81, 4, 201, 6, 4, 116, 49, 158, 82, 232, 173, 195, 142, 123, 159, 171, 45, 98, 225, 76, 64, 155, 159, 189, 156, 62, 193, 103, 56, 134, 126, 178, 24, 162, 237, 224, 193, 134, 168, 123, 238, 73, 74, 188, 137, 119, 98, 54, 131, 154, 129, 175, 241, 200, 67, 232], [4, 147, 251, 17, 12, 84, 154, 179, 243, 249, 27, 29, 64, 97, 76, 102, 210, 126, 72, 16, 46, 38, 132, 216, 101, 47, 148, 182, 95, 179, 17, 165, 45, 236, 216, 5, 35, 137, 142, 111, 103, 103, 169, 102, 120, 135, 166, 127, 165, 100, 81, 30, 153, 78, 233, 188, 188, 231, 183, 255, 110, 71, 152, 54, 167], [4, 74, 41, 50, 97, 31, 25, 133, 106, 217, 8, 171, 150, 123, 91, 107, 45, 159, 57, 3, 146, 143, 207, 111, 183, 142, 192, 78, 62, 194, 207, 247, 124, 80, 125, 172, 116, 219, 91, 227, 29, 225, 231, 100, 132, 155, 160, 109, 60, 120, 183, 85, 150, 43, 97, 154, 46, 186, 189, 202, 46, 202, 227, 208, 167]]
"Your publicKey has been save."
waiting for KE ....
state change KE

 184, 210, 80, 94, 18, 127, 91, 141, 102, Recieved other's pk: 
 [[4, 251, 79, 251, 65, 50, 255, 69, 61, 127, 70, 7, 216, 40, 250, 210, 130, 221, 245, 234, 40, 83, 191, 97, 149, 110, 110, 92, 39, 205, 11, 241, 132, 40, 242, 18, 131, 11, 218, 227, 204, 242, 16, 18, 117, 30, 236, 87, 185, 5, 201, 130, 170, 36, 137, 224, 81, 137, 177, 116, 181, 193, 202, 233, 134], [4, 44, 59, 168, 21, 205, 239, 124, 85, 243, 59, 239, 59, 79, 105, 226, 77, 116, 15, 73, 106, 47, 6, 99, 14, 191, 217, 100, 109, 83, 167, 61, 67, 115, 85, 177, 41, 55, 151, 29, 180, 242, 13, 196, 140, 72, 136, 223, 117, 93, 69, 149, 96, 253, 75, 209, 229, 172, 189, 5, 109, 233, 161, 9, 155], [4, 85, 13, 85, 107, 50, 250, 55, 103, 78, 254, 142, 89, 111, 221, 29, 47, 33, 78, 176, 162, 208, 182, 245, 93, 19, 173, 152, 46, 6, 203, 0, 76, 1, 152, 17, 129, 8, 181, 23, 82, 11, 173, 177, 4, 58, 18, 14, 207, 180, 73, 69, 184, 193, 111, 138, 197, 53, 151, 16, 71, 79, 70, 117, 132], [4, 243, 88, 65, 44, 30, 151, 102, 41, 25, 140, 195, 125, 175, 45, 52, 67, 118, 107, 21, 254, 63, 192, 184, 210, 80, 94, 18, 127, 91, 141, 102, 202, 248, 229, 147, 30, 8, 255, 241, 199, 0, 213, 242, 201, 167, 52, 128, 49, 211, 39, 82, 129, 184, 91, 184, 179, 90, 227, 32, 228, 181, 90, 105, 236], [4, 20, 149, 124, 97, 61, 142, 200, 61, 144, 166, 211, 111, 206, 203, 28, 24, 118, 36, 33, 169, 138, 89, 213, 93, 139, 144, 191, 166, 254, 159, 35, 104, 127, 67, 5, 162, 185, 20, 231, 222, 101, 192, 146, 29, 89, 199, 173, 50, 112, 48, 49, 103, 216, 36, 6, 116, 52, 203, 194, 234, 110, 21, 107, 229], [4, 160, 78, 222, 17, 45, 192, 78, 5, 69, 203, 207, 41, 176, 202, 143, 79, 62, 91, 78, 248, 33, 68, 251, 13, 103, 77, 123, 63, 90, 56, 45, 94, 245, 69, 169, 118, 246, 55, 45, 157, 160, 101, 14, 205, 110, 28, 13, 177, 244, 103, 107, 51, 166, 114, 168, 176, 26, 150, 183, 194, 181, 178, 85, 96], [4, 89, 168, 148, 227, 216, 63, 15, 150, 223, 176, 125, 185, 52, 118, 195, 182, 209, 178, 77, 34, 139, 111, 0, 213, 129, 252, 212, 141, 33, 240, 132, 102, 115, 126, 73, 98, 76, 6, 26, 184, 205, 85, 57, 94, 244, 10, 226, 191, 61, 206, 133, 76, 204, 107, 40, 202, 46, 98, 153, 48202, 248, 229, 147, 30, 8, 255, 241, 199, 0, 213, 242, 201, 167, 52, 128, 49, 211, 39, 82, 129, 184, 91, 184, 179, 90, 227, 32, 228, 181, 90, 105, 236], [4, 20, 149, 124, 97, 61, 142, 200, 61, 144, 166, 211, 111, 206, 203, 28, 24, 118, 36, 33, 169, 138, 89, 213, 93, 139, 144, 191, 166, 254, 159, 35, 104, 127, 67, 5, 162, 185, 20, 231, 222, 101, 192, 146, 29, 89, 199, 173, 50, 112, 48, 49, 103, 216, 36, 6, 116, 52, 203, 194, 234, 110, 21, 107, 229], [4, 160, 78, 222, 17, 45, 192, 78, 5, 69, 203, 207, 41, 176, 202, 143, 79, 62, 91, 78, 248, 33, 68, 251, 13, 103, 77, 123, 63, 90, 56, 45, 94, 245, 69, 169, 118, 246, 55, 45, 157, 160, 101, 14, 205, 110, 28, 13, 177, 244, 103, 107, 51, 166, 114, 168, 176, 26, 150, 183, 194, 181, 178, 85, 96], [4, 89, 168, 148, 227, 216, 63, 15, 150, 223, 176, 125, 185, 52, 118, 195, 182, 209, 178, 77, 34, 139, 111, 0, 213, 129, 252, 212, 141, 33, 240, 132, 102, 115, 126, 73, 98, 76, 6, 26, 184, 205, 85, 57, 94, 244, 10, 226, 191, 61, 206, 133, 76, 204, 107, 40, 202, 46, 98, 153, 48Recieved other's pk: 
, 201, 190, 96, 32], [4, 86, 91, 148, 33, 165, 153, 78, 73, 81, 4, 201, 6, 4, 116, 49, 158, 82, 232, 173, 195, 142, 123, 159, 171, 45, 98, 225, 76, 64, 155, 159, 189, 156, 62, 193, 103, 56, 134, 126, 178, 24, 162, 237, 224, 193, 134, 168, 123, 238, 73, 74, 188, 137, 119, 98, 54, 131, 154, 129, 175, 241, 200, 67, 232], [4, 147, 251, 17, 12, 84, 154, 179, 243, 249, 27, 29, 64, 97, 76, 102, 210, 126, 72, 16, 46, 38, 132, 216, 101, 47, 148, 182, 95, 179, 17, 165, 45, 236, 216, 5, 35, 137, 142, 111, 103, 103, 169, 102, 120, 135, 166, 127, 165, 100, 81, 30, 153, 78, 233, 188, 188, 231, 183, 255, 110, 71, 152, 54, 167], [4, 74, 41, 50, 97, 31, 25, 133, 106, 217, 8, 171, 150, 123, 91, 107, 45, 159, 57, 3, 146, 143, 207, 111, 183, 142, 192, 78, 62, 194, 207, 247, 124, 80, 125, 172, 116, 219, 91, 227, 29, 225, 231, 100, 132, 155, 160, 109, 60, 120, 183, 85, 150, 43, 97, 154, 46, 186, 189, 202, 46, 202, 227, 208, 167]]
 [[4, 251, 79, 251, 65, 50, 255, 69, 61, 127, 70, 7, 216, 40, 250, 210, 130, 221, 245, 234, 40, 83, 191, 97, 149, 110, 110, 92, 39, 205, 11, 241, 132, 40, 242, 18, 131, 11, 218, 227, 204, 242, 16, 18, 117, 30, 236, 87, 185, 5, 201, 130, 170, 36, 137, 224, 81, 137, 177, 116, 181, 193, 202, 233, 134], [4, 44, 59, 168, 21, 205, 239, 124, 85, 243, 59, 239, 59, 79, 105, 226, 77, 116, 15, 73, 106, 47, 6, 99, 14, 191, 217, 100, 109, 83, 167, 61, 67, 115, 85, 177, 41, 55, 151, 29, 180, 242, 13, 196, 140, 72, 136, 223, 117, 93, 69, 149, 96, 253, 75, 209, 229, 172, 189, 5, 109, 233, 161, 9, 155], [4, 85, 13, 85, 107, 50, 250, 55, 103, 78, 254, 142, 89, 111, 221, 29, 47, 33, 78, 176, 162, 208, 182, 245, 93, 19, 173, 152, 46, 6, 203, 0, 76, 1, 152, 17, 129, 8, 181, 23, 82, 11, 173, 177, 4, 58, 18, 14, 207, 180, 73, 69, 184, 193, 111, 138, 197, 53, 151, 16, 71, 79, 70, 117, 132], [4, 243, 88, 65, 44, 30, 151, 102, 41, 25, 140, 195, 125, 175, 45, 52, 67, 118, 107, 21, 254, 63, 192, 184, 210, 80, 94, 18, 127, 91, 141, 102, 202, 248, 229, 147, 30, 8, 255, 241, 199, 0, 213, 242, 201, 167, 52, 128, 49, 211, 39, 82, 129, 184, 91, 184, 179, 90, 227, 32, 228, 181, 90, 105, 236], [4, 20, 149, 124, 97, 61, 142, 200, 61, 144, 166, 211, 111, 206, 203, 28, 24, 118, 36, 33, 169, 138, 89, 213, 93, 139, 144, 191, 166, 254, 159, 35, 104, 127, 67, 5, 162, 185, 20, 231, 222, 101, 192, 146, 29, 89, 199, 173, 50, 112, 48, 49, 103, 216, 36, 6, 116, 52, 203, 194, 234, 110, 21, 107, 229], [4, 160, 78, 222, 17, 45, 192, 78, 5, 69, 203, 207, 41, 176, 202, 143, 79, 62, 91, 78, 248, 33, 68, 251, 13, 103, 77, 123, 63, 90, 56, 45, 94, 245, 69, 169, 118, 246, 55, 45, 157, 160, 101, 14, 205, 110, 28, 13, 177, 244, 103, 107, 51, 166, 114, 168, 176, 26, 150, 183, 194, 181, 178, 85, 96], [4, 89, 168, 148, 227, 216, 63, 15, 150, 223, 176, 125, 185, 52, 118, 195, 182, 209, 178, 77, 34, 139, 111, 0, 213, 129, 252, 212, 141, 33, 240, 132, 102, 115, 126, 73, 98, 76, 6, 26, 184, 205, 85, 57, 94, 244, 10, 226, 191, 61, 206, 133, 76, 204, 107, 40, 202, 46, 98, 153, 48, 201, 190, 96, 32], [4, 86, 91, 148, 33, 165, 153, 78, 73, 81, 4, 201, 6, 4, 116, 49, 158, 82, 232, 173, 195, 142, 123, 159, 171, 45, 98, 225, 76, 64, 155, 159, 189, 156, 62, 193, 103, 56, 134, 126, 178, 24, 162, 237, 224, 193, 134, 168, 123, 238, 73, 74, 188, 137, 119, 98, 54, 131, 154, 129, 175, 241, 200, 67, 232], [4, 147, 251, 17, 12, 84, 154, 179, 243, 249, 27, 29, 64, 97, 76, 102, 210, 126, 72, 16, 46, 38, 132, 216, 101, 47, 148, 182, 95, 179, 17, 165, 45, 236, 216, 5, 35, 137, 142, 111, 103, 103, 169, 102, 120, 135, 166, 127, 165, 100, 81, 30, 153, 78, 233, 188, 188, 231, 183, 255, 110, 71, 152, 54, 167], [4, 74, 41, 50, 97, 31, 25, 133, 106, 217, 8, 171, 150, 123, 91, 107, 45, 159, 57, 3, 146, 143, 207, 111, 183, 142, 192, 78, 62, 194, 207, 247, 124, 80, 125, 172, 116, 219, 91, 227, 29, 225, 231, 100, 132, 155, 160, 109, 60, 120, 183, 85, 150, 43, 97, 154, 46, 186, 189, 202, 46, 202, 227, 208, 167]]
202, 248, 229, 147, 30, 8, 255, 241, 199, 0, 213, 242, 201, 167, 52, 128, 49, 211, 39, 82, 129, 184, 91, 184, 179, 90, 227, 32, 228, 181, 90, 105, 236], [4, 20, 149, 124, 97, 61, 142, 200, 61, 144, 166, 211, 111, 206, 203, 28, 24, 118, 36, 33, 169, 138, 89, 213, 93, 139, 144, 191, 166, 254, 159, 35, 104, 127, 67, 5, 162, 185, 20, 231, 222, 101, 192, 146, 29, 89, 199, 173, 50, 112, 48, 49, 103, 216, 36, 6, 116, 52, 203, 194, 234, 110, 21, 107, 229], [4, 160, 78, 222, 17, 45, 192, 78, 5, 69, 203, 207, 41, 176, 202, 143, 79, 62, 91, 78, 248, 33, 68, 251, 13, 103, 77, 123, 63, 90, 56, 45, 94, 245, 69, 169, 118, 246, 55, 45, 157, 160, 101, 14, 205, 110, 28, 13, 177, 244, 103, 107, 51, 166, 114, 168, 176, 26, 150, 183, 194, 181, 178, 85, 96], [4, 89, 168, 148, 227, 216, 63, 15, 150, 223, 176, 125, 185, 52, 118, 195, 182, 209, 178, 77, 34, 139, 111, 0, 213, 129, 252, 212, 141, 33, 240, 132, 102, 115, 126, 73, 98, 76, 6, 26, 184, 205, 85, 57, 94, 244, 10, 226, 191, 61, 206, 133, 76, 204, 107, 40, 202, 46, 98, 153, 48, 201, 190, 96, 32], [4, 86, 91, 148, 33, 165, 153, 78, 73, 81, 4, 201, 6, 4, 116, 49, 158, 82, 232, 173, 195, 142, 123, 159, 171, 45, 98, 225, 76, 64, 155, 159, 189, 156, 62, 193, 103, 56, 134, 126, 178, 24, 162, 237, 224, 193, 134, 168, 123, 238, 73, 74, 188, 137, 119, 98, 54, 131, 154, 129, 175, 241, 200, 67, 232], [4, 147, 251, 17, 12, 84, 154, 179, 243, 249, 27, 29, 64, 97, 76, 102, 210, 126, 72, 16, 46, 38, 132, 216, 101, 47, 148, 182, 95, 179, 17, 165, 45, 236, 216, 5, 35, 137, 142, 111, 103, 103, 169, 102, 120, 135, 166, 127, 165, 100, 81, 30, 153, 78, 233, 188, 188, 231, 183, 255, 110, 71, 152, 54, 167], [4, 74, 41, 50, 97, 31, 25, 133, 106, 217, 8, 171, 150, 123, 91, 107, 45, 159, 57, 3, 146, 143, 207, 111, 183, 142, 192, 78, 62, 194, 207, 247, 124, 80, 125, 172, 116, 219, 91, 227, 29, 225, 231, 100, 132, 155, 160, 109, 60, 120, 183, 85, 150, 43, 97, 154, 46, 186, 189, 202, 46, 202, 227, 208, 167]]
, 201, 190, 96, 32], [4, 86, 91, 148, 33, 165, 153, 78, 73, 81, 4, 201, 6, 4, 116, 49, 158, 82, 232, 173, 195, 142, 123, 159, 171, 45, 98, 225, 76, 64, 155, 159, 189, 156, 62, 193, 103, 56, 134, 126, 178, 24, 162, 237, 224, 193, 134, 168, 123, 238, 73, 74, 188, 137, 119, 98, 54, 131, 154, 129, 175, 241, 200, 67, 232], [4, 147, 251, 17, 12, 84, 154, 179, 243, 249, 27, 29, 64, 97, 76, 102, 210, 126, 72, 16, 46, 38, 132, 216, 101, 47, 148, 182, 95, 179, 17, 165, 45, 236, 216, 5, 35, 137, 142, 111, 103, 103, 169, 102, 120, 135, 166, 127, 165, 100, 81, 30, 153, 78, 233, 188, 188, 231, 183, 255, 110, 71, 152, 54, 167], [4, 74, 41, 50, 97, 31, 25, 133, 106, 217, 8, 171, 150, 123, 91, 107, 45, 159, 57, 3, 146, 143, 207, 111, 183, 142, 192, 78, 62, 194, 207, 247, 124, 80, 125, 172, 116, 219, 91, 227, 29, 225, 231, 100, 132, 155, 160, 109, 60, 120, 183, 85, 150, 43, 97, 154, 46, 186, 189, 202, 46, 202, 227, 208, 167]]
state change KE

Recieved other's pk: 
 [[4, 251, 79, 251, 65, 50, 255, 69, 61, 127, 70, 7, 216, 40, 250, 210, 130, 221, 245, 234, 40, 83, 191, 97, 149, 110, 110, 92, 39, 205, 11, 241, 132, 40, 242, 18, 131, 11, 218, 227, 204, 242, 16, 18, 117, 30, 236, 87, 185, 5, 201, 130, 170, 36, 137, 224, 81, 137, 177, 116, 181, 193, 202, 233, 134], [4, 44, 59, 168, 21, 205, 239, 124, 85, 243, 59, 239, 59, 79, 105, 226, 77, 116, 15, 73, 106, 47, 6, 99, 14, 191, 217, 100, 109, 83, 167, 61, 67, 115, 85, 177, 41, 55, 151, 29, 180, 242, 13, 196, 140, 72, 136, 223, 117, 93, 69, 149, 96, 253, 75, 209, 229, 172, 189, 5, 109, 233, 161, 9, 155], [4, 85, 13, 85, 107, 50, 250, 55, 103, 78, 254, 142, 89, 111, 221, 29, 47, 33, 78, 176, 162, 208, 182, 245, 93, 19, 173, 152, 46, 6, 203, 0, 76, 1, 152, 17, 129, 8, 181, 23, 82, 11, 173, 177, 4, 58, 18, 14, 207, 180, 73, 69, 184, 193, 111, 138, 197, 53, 151, 16, 71, 79, 70, 117, 132], [4, 243, 88, 65, 44, 30, 151, 102, 41, 25, 140, 195, 125, 175, 45, 52, 67, 118, 107, 21, 254, 63, 192, 184, 210, 80, 94, 18, 127, 91, 141, 102, 202, 248, 229, 147, 30, 8, 255, 241, 199, 0, 213, 242, 201, 167, 52, 128, 49, 211, 39, 82, 129, 184, 91, 184, 179, 90, 227, 32, 228, 181, 90, 105, 236], [4, 20, 149, 124, 97, 61, 142, 200, 61, 144, 166, 211, 111, 206, 203, 28, 24, 118, 36, 33, 169, 138, 89, 213, 93, 139, 144, 191, 166, 254, 159, 35, 104, 127, 67, 5, 162, 185, 20, 231, 222, 101, 192, 146, 29, 89, 199, 173, 50, 112, 48, 49, 103, 216, 36, 6, 116, 52, 203, 194, 234, 110, 21, 107, 229], [4, 160, 78, 222, 17, 45, 192, 78, 5, 69, 203, 207, 41, 176, 202, 143, 79, 62, 91, 78, 248, 33, 68, 251, 13, 103, 77, 123, 63, 90, 56, 45, 94, 245, 69, 169, 118, 246, 55, 45, 157, 160, 101, 14, 205, 110, 28, 13, 177, 244, 103, 107, 51, 166, 114, 168, 176, 26, 150, 183, 194, 181, 178, 85, 96], [4, 89, 168, 148, 227, 216, 63, 15, 150, 223, 176, 125, 185, 52, 118, 195, 182, 209, 178, 77, 34, 139, 111, 0, 213, 129, 252, 212, 141, 33, 240, 132, 102, 115, 126, 73, 98, 76, 6, 26, 184, 205, 85, 57, 94, 244, 10, 226, 191, 61, 206, 133, 76, 204, 107, 40, 202, 46, 98, 153, 48, 201, 190, 96, 32], [4, 86, 91, 148, 33, 165, 153, 78, 73, 81, 4, 201, 6, 4, 116, 49, 158, 82, 232, 173, 195, 142, 123, 159, 171, 45, 98, 225, 76, 64, 155, 159, 189, 156, 62, 193, 103, 56, 134, 126, 178, 24, 162, 237, 224, 193, 134, 168, 123, 238, 73, 74, 188, 137, 119, 98, 54, 131, 154, 129, 175, 241, 200, 67, 232], [4, 147, 251, 17, 12, 84, 154, 179, 243, 249, 27, 29, 64, 97, 76, 102, 210, 126, 72, 16, 46, 38, 132, 216, 101, 47, 148, 182, 95, 179, 17, 165, 45, 236, 216, 5, 35, 137, 142, 111, 103, 103, 169, 102, 120, 135, 166, 127, 165, 100, 81, 30, 153, 78, 233, 188, 188, 231, 183, 255, 110, 71, 152, 54, 167], [4, 74, 41, 50, 97, 31, 25, 133, 106, 217, 8, 171, 150, 123, 91, 107, 45, 159, 57, 3, 146, 143, 207, 111, 183, 142, 192, 78, 62, 194, 207, 247, 124, 80, 125, 172, 116, 219, 91, 227, 29, 225, 231, 100, 132, 155, 160, 109, 60, 120, 183, 85, 150, 43, 97, 154, 46, 186, 189, 202, 46, 202, 227, 208, 167]]
OK from key_exchange
OK from key_exchange
OK from key_exchange
9921927426844364370
getting info for IS ....
OK from key_exchange
5748037139372684027
getting info for IS ....
OK from key_exchange
OK from key_exchange
11023716250810976189
getting info for IS ....
OK from key_exchange
OK from key_exchange
OK from key_exchange
OK from key_exchange
12561169677411990740
getting info for IS ....
10460928248253139868
getting info for IS ....
12891972410700079610
getting info for IS ....
10464982771773543514
getting info for IS ....
12799246864365219916
getting info for IS ....
18001118553558632119
getting info for IS ....
8385316352022521602
getting info for IS ....
computing shares with param d2: 128, d3: 243, block: 100, clientNum 10
computing shares with param d2: 128, d3: 243, block: 100, clientNum 10
computing shares with param d2: 128, d3: 243, block: 100, clientNum 10
computing shares with param d2: 128, d3: 243, block: 100, clientNum 10
computing shares with param d2: 128, d3: 243, block: 100, clientNum 10
computing shares with param d2: 128, d3: 243, block: 100, clientNum 10
computing shares with param d2: 128, d3: 243, block: 100, clientNum 10
computing shares with param d2: 128, d3: 243, block: 100, clientNum 10
computing shares with param d2: 128, d3: 243, block: 100, clientNum 10
computing shares with param d2: 128, d3: 243, block: 100, clientNum 10
raw shares (vec len 800)..
raw shares (vec len 800)..
encryptedShares len 816
encryptedShares len 816
encryptedShares len 816
encryptedShares len 816
encryptedShares len 816
encryptedShares len 816
raw shares (vec len 800)..
encryptedShares len 816
encryptedShares len 816
encryptedShares len 816
encryptedShares len 816
recieving shares...
encryptedShares len 816
raw shares (vec len 800)..
encryptedShares len 816
encryptedShares len 816
encryptedShares len 816
raw shares (vec len 800)..
encryptedShares len 816
encryptedShares len 816
encryptedShares len 816
encryptedShares len 816
encryptedShares len 816
encryptedShares len 816
recieving shares...
encryptedShares len 816
raw shares (vec len 800)..
encryptedShares len 816
encryptedShares len 816
raw shares (vec len 800)..
encryptedShares len 816
raw shares (vec len 800)..
encryptedShares len 816
encryptedShares len 816
encryptedShares len 816
encryptedShares len 816
encryptedShares len 816
encryptedShares len 816
encryptedShares len 816
encryptedShares len 816
encryptedShares len 816
encryptedShares len 816
encryptedShares len 816
encryptedShares len 816
encryptedShares len 816
encryptedShares len 816
encryptedShares len 816
encryptedShares len 816
encryptedShares len 816
encryptedShares len 816
encryptedShares len 816
encryptedShares len 816
encryptedShares len 816
encryptedShares len 816
encryptedShares len 816
encryptedShares len 816
encryptedShares len 816
encryptedShares len 816
encryptedShares len 816
raw shares (vec len 800)..
encryptedShares len 816
encryptedShares len 816
encryptedShares len 816
encryptedShares len 816
encryptedShares len 816
encryptedShares len 816
recieving shares...
encryptedShares len 816
encryptedShares len 816
encryptedShares len 816
encryptedShares len 816
recieving shares...
encryptedShares len 816
encryptedShares len 816
encryptedShares len 816
encryptedShares len 816
encryptedShares len 816
encryptedShares len 816
encryptedShares len 816
recieving shares...
encryptedShares len 816
encryptedShares len 816
encryptedShares len 816
encryptedShares len 816
encryptedShares len 816
encryptedShares len 816
encryptedShares len 816
encryptedShares len 816
raw shares (vec len 800)..
encryptedShares len 816
encryptedShares len 816
encryptedShares len 816
encryptedShares len 816
encryptedShares len 816
encryptedShares len 816
recieving shares...
encryptedShares len 816
encryptedShares len 816
encryptedShares len 816
encryptedShares len 816
encryptedShares len 816
encryptedShares len 816
encryptedShares len 816
recieving shares...
encryptedShares len 816
recieving shares...
encryptedShares len 816
encryptedShares len 816
recieving shares...
encryptedShares len 816
encryptedShares len 816
encryptedShares len 816
encryptedShares len 816
encryptedShares len 816
encryptedShares len 816
encryptedShares len 816
encryptedShares len 816
recieving shares...
"sharing from \"Client 6\" to \"Client 8\" successful"
"sharing from \"Client 6\" to \"Client 9\" successful"
"sharing from \"Client 4\" to \"Client 10\" successful"
"sharing from \"Client 10\" to \"Client 3\" successful"
"sharing from \"Client 5\" to \"Client 2\" successful"
"sharing from \"Client 7\" to \"Client 3\" successful"
"sharing from \"Client 7\" to \"Client 8\" successful"
"sharing from \"Client 9\" to \"Client 1\" successful"
"sharing from \"Client 4\" to \"Client 1\" successful"
"sharing from \"Client 10\" to \"Client 6\" successful"
"sharing from \"Client 1\" to \"Client 1\" successful"
"sharing from \"Client 1\" to \"Client 3\" successful"
"sharing from \"Client 7\" to \"Client 2\" successful"
"sharing from \"Client 5\" to \"Client 1\" successful"
"sharing from \"Client 7\" to \"Client 7\" successful"
"sharing from \"Client 3\" to \"Client 6\" successful"
"sharing from \"Client 3\" to \"Client 10\" successful"
"sharing from \"Client 1\" to \"Client 10\" successful"
"sharing from \"Client 2\" to \"Client 3\" successful"
"sharing from \"Client 6\" to \"Client 6\" successful"
"sharing from \"Client 5\" to \"Client 7\" successful"
"sharing from \"Client 4\" to \"Client 4\" successful"
"sharing from \"Client 8\" to \"Client 3\" successful"
"sharing from \"Client 7\" to \"Client 10\" successful"
"sharing from \"Client 6\" to \"Client 1\" successful"
"sharing from \"Client 5\" to \"Client 5\" successful"
"sharing from \"Client 4\" to \"Client 7\" successful"
"sharing from \"Client 7\" to \"Client 9\" successful"
"sharing from \"Client 5\" to \"Client 8\" successful"
"sharing from \"Client 10\" to \"Client 10\" successful"
"sharing from \"Client 9\" to \"Client 7\" successful"
"sharing from \"Client 6\" to \"Client 10\" successful"
"sharing from \"Client 4\" to \"Client 3\" successful"
"sharing from \"Client 10\" to \"Client 9\" successful"
"sharing from \"Client 8\" to \"Client 1\" successful"
"sharing from \"Client 10\" to \"Client 8\" successful"
"sharing from \"Client 3\" to \"Client 9\" successful"
"sharing from \"Client 3\" to \"Client 5\" successful"
"sharing from \"Client 9\" to \"Client 9\" successful"
"sharing from \"Client 3\" to \"Client 1\" successful"
"sharing from \"Client 3\" to \"Client 4\" successful"
"sharing from \"Client 2\" to \"Client 8\" successful"
"sharing from \"Client 6\" to \"Client 2\" successful"
"sharing from \"Client 6\" to \"Client 3\" successful"
"sharing from \"Client 10\" to \"Client 7\" successful"
"sharing from \"Client 5\" to \"Client 4\" successful"
"sharing from \"Client 8\" to \"Client 4\" successful"
"sharing from \"Client 9\" to \"Client 3\" successful"
"sharing from \"Client 6\" to \"Client 5\" successful"
"sharing from \"Client 4\" to \"Client 9\" successful"
"sharing from \"Client 4\" to \"Client 6\" successful"
"sharing from \"Client 4\" to \"Client 2\" successful"
"sharing from \"Client 10\" to \"Client 4\" successful"
"sharing from \"Client 5\" to \"Client 10\" successful"
"sharing from \"Client 8\" to \"Client 8\" successful"
"sharing from \"Client 9\" to \"Client 5\" successful"
"sharing from \"Client 3\" to \"Client 2\" successful"
"sharing from \"Client 2\" to \"Client 10\" successful"
"sharing from \"Client 3\" to \"Client 3\" successful"
"sharing from \"Client 6\" to \"Client 4\" successful"
"sharing from \"Client 4\" to \"Client 5\" successful"
"sharing from \"Client 2\" to \"Client 9\" successful"
"sharing from \"Client 10\" to \"Client 2\" successful"
"sharing from \"Client 8\" to \"Client 10\" successful"
"sharing from \"Client 8\" to \"Client 5\" successful"
"sharing from \"Client 8\" to \"Client 6\" successful"
"sharing from \"Client 9\" to \"Client 10\" successful"
"sharing from \"Client 9\" to \"Client 8\" successful"
"sharing from \"Client 3\" to \"Client 7\" successful"
"sharing from \"Client 2\" to \"Client 2\" successful"
"sharing from \"Client 5\" to \"Client 3\" successful"
"sharing from \"Client 7\" to \"Client 5\" successful"
"sharing from \"Client 7\" to \"Client 6\" successful"
"sharing from \"Client 5\" to \"Client 6\" successful"
"sharing from \"Client 2\" to \"Client 6\" successful"
"sharing from \"Client 1\" to \"Client 8\" successful"
"sharing from \"Client 1\" to \"Client 5\" successful"
"sharing from \"Client 4\" to \"Client 8\" successful"
"sharing from \"Client 8\" to \"Client 9\" successful"
"sharing from \"Client 10\" to \"Client 5\" successful"
"sharing from \"Client 3\" to \"Client 8\" successful"
"sharing from \"Client 10\" to \"Client 1\" successful"
"sharing from \"Client 6\" to \"Client 7\" successful"
"sharing from \"Client 9\" to \"Client 4\" successful"
"sharing from \"Client 7\" to \"Client 1\" successful"
"sharing from \"Client 9\" to \"Client 6\" successful"
"sharing from \"Client 8\" to \"Client 2\" successful"
"sharing from \"Client 1\" to \"Client 9\" successful"
"sharing from \"Client 1\" to \"Client 6\" successful"
"sharing from \"Client 1\" to \"Client 4\" successful"
"sharing from \"Client 2\" to \"Client 7\" successful"
"sharing from \"Client 2\" to \"Client 1\" successful"
"sharing from \"Client 2\" to \"Client 4\" successful"
"sharing from \"Client 8\" to \"Client 7\" successful"
"sharing from \"Client 7\" to \"Client 4\" successful"
"sharing from \"Client 5\" to \"Client 9\" successful"
"sharing from \"Client 1\" to \"Client 2\" successful"
"sharing from \"Client 9\" to \"Client 2\" successful"
"sharing from \"Client 1\" to \"Client 7\" successful"
"sharing from \"Client 2\" to \"Client 5\" successful"

