hello
maxClients 100 vectorSize 10000 dropouts 0 sessionTime 20000 ISsessTime 200000 corruption 0 malicious true
Publisher connecting to tcp://172.31.11.40:6666
Reciever connecting to tcp://172.31.11.40:5555
spawning 0
spawning 1
spawning 2
spawning 3
spawning 4
Start 20000
spawning 5
spawning 6
spawning 7
spawning 8
spawning 9
spawning 10
spawning 12
spawning 11
spawning 13
spawning 14
spawning 15
spawning 16
spawning 17
spawning 18
spawning 19
spawning 20
spawning 21
spawning 22
spawning 23
spawning 24
spawning 25
spawning 26
spawning 27
spawning 28
spawning 29
spawning 30
spawning 31
spawning 32
spawning 33
spawning 34
spawning 35
spawning 36
spawning 37
spawning 38
spawning 39
spawning 40
spawning 41
spawning 42
spawning 44
spawning 43
spawning 45
spawning 46
spawning 48
spawning 47
spawning 49
spawning 51
spawning 52
spawning 50
spawning 53
spawning 54
spawning 55
spawning 56
spawning 57
spawning 58
spawning 59
spawning 60
spawning 61
spawning 62
spawning 63
spawning 64
spawning 65
spawning 66
spawning 69
spawning 68
spawning 67
- State 1 elapse 3515ms
dropouts []
Server: STATE change from 1 to 2
Restart 20000
- State 2 elapse 817ms
cp [[67, 108, 105, 101, 110, 116, 32, 48], [67, 108, 105, 101, 110, 116, 32, 49], [67, 108, 105, 101, 110, 116, 32, 50], [67, 108, 105, 101, 110, 116, 32, 51], [67, 108, 105, 101, 110, 116, 32, 52], [67, 108, 105, 101, 110, 116, 32, 53], [67, 108, 105, 101, 110, 116, 32, 54], [67, 108, 105, 101, 110, 116, 32, 55], [67, 108, 105, 101, 110, 116, 32, 56], [67, 108, 105, 101, 110, 116, 32, 57], [67, 108, 105, 101, 110, 116, 32, 49, 48], [67, 108, 105, 101, 110, 116, 32, 49, 49], [67, 108, 105, 101, 110, 116, 32, 49, 50], [67, 108, 105, 101, 110, 116, 32, 49, 51], [67, 108, 105, 101, 110, 116, 32, 49, 52], [67, 108, 105, 101, 110, 116, 32, 49, 53], [67, 108, 105, 101, 110, 116, 32, 49, 54], [67, 108, 105, 101, 110, 116, 32, 49, 55], [67, 108, 105, 101, 110, 116, 32, 49, 56], [67, 108, 105, 101, 110, 116, 32, 49, 57], [67, 108, 105, 101, 110, 116, 32, 50, 48], [67, 108, 105, 101, 110, 116, 32, 50, 49], [67, 108, 105, 101, 110, 116, 32, 50, 50], [67, 108, 105, 101, 110, 116, 32, 50, 51], [67, 108, 105, 101, 110, 116, 32, 50, 52], [67, 108, 105, 101, 110, 116, 32, 50, 53], [67, 108, 105, 101, 110, 116, 32, 50, 54], [67, 108, 105, 101, 110, 116, 32, 50, 55], [67, 108, 105, 101, 110, 116, 32, 50, 56], [67, 108, 105, 101, 110, 116, 32, 50, 57], [67, 108, 105, 101, 110, 116, 32, 51, 48], [67, 108, 105, 101, 110, 116, 32, 51, 49], [67, 108, 105, 101, 110, 116, 32, 51, 50], [67, 108, 105, 101, 110, 116, 32, 51, 51], [67, 108, 105, 101, 110, 116, 32, 51, 52], [67, 108, 105, 101, 110, 116, 32, 51, 53], [67, 108, 105, 101, 110, 116, 32, 51, 54], [67, 108, 105, 101, 110, 116, 32, 51, 55], [67, 108, 105, 101, 110, 116, 32, 51, 56], [67, 108, 105, 101, 110, 116, 32, 51, 57], [67, 108, 105, 101, 110, 116, 32, 52, 48], [67, 108, 105, 101, 110, 116, 32, 52, 49], [67, 108, 105, 101, 110, 116, 32, 52, 50], [67, 108, 105, 101, 110, 116, 32, 52, 51], [67, 108, 105, 101, 110, 116, 32, 52, 52], [67, 108, 105, 101, 110, 116, 32, 52, 53], [67, 108, 105, 101, 110, 116, 32, 52, 54], [67, 108, 105, 101, 110, 116, 32, 52, 55], [67, 108, 105, 101, 110, 116, 32, 52, 56], [67, 108, 105, 101, 110, 116, 32, 52, 57], [67, 108, 105, 101, 110, 116, 32, 53, 48], [67, 108, 105, 101, 110, 116, 32, 53, 49], [67, 108, 105, 101, 110, 116, 32, 53, 50], [67, 108, 105, 101, 110, 116, 32, 53, 51], [67, 108, 105, 101, 110, 116, 32, 53, 52], [67, 108, 105, 101, 110, 116, 32, 53, 53], [67, 108, 105, 101, 110, 116, 32, 53, 54], [67, 108, 105, 101, 110, 116, 32, 53, 55], [67, 108, 105, 101, 110, 116, 32, 53, 56], [67, 108, 105, 101, 110, 116, 32, 53, 57], [67, 108, 105, 101, 110, 116, 32, 54, 48], [67, 108, 105, 101, 110, 116, 32, 54, 49], [67, 108, 105, 101, 110, 116, 32, 54, 50], [67, 108, 105, 101, 110, 116, 32, 54, 51], [67, 108, 105, 101, 110, 116, 32, 54, 52], [67, 108, 105, 101, 110, 116, 32, 54, 53], [67, 108, 105, 101, 110, 116, 32, 54, 54], [67, 108, 105, 101, 110, 116, 32, 54, 55], [67, 108, 105, 101, 110, 116, 32, 54, 56], [67, 108, 105, 101, 110, 116, 32, 54, 57], [67, 108, 105, 101, 110, 116, 32, 55, 48], [67, 108, 105, 101, 110, 116, 32, 55, 49], [67, 108, 105, 101, 110, 116, 32, 55, 50], [67, 108, 105, 101, 110, 116, 32, 55, 51], [67, 108, 105, 101, 110, 116, 32, 55, 52], [67, 108, 105, 101, 110, 116, 32, 55, 53], [67, 108, 105, 101, 110, 116, 32, 55, 54], [67, 108, 105, 101, 110, 116, 32, 55, 55], [67, 108, 105, 101, 110, 116, 32, 55, 56], [67, 108, 105, 101, 110, 116, 32, 55, 57], [67, 108, 105, 101, 110, 116, 32, 56, 48], [67, 108, 105, 101, 110, 116, 32, 56, 49], [67, 108, 105, 101, 110, 116, 32, 56, 50], [67, 108, 105, 101, 110, 116, 32, 56, 51], [67, 108, 105, 101, 110, 116, 32, 56, 52], [67, 108, 105, 101, 110, 116, 32, 56, 53], [67, 108, 105, 101, 110, 116, 32, 56, 54], [67, 108, 105, 101, 110, 116, 32, 56, 55], [67, 108, 105, 101, 110, 116, 32, 56, 56], [67, 108, 105, 101, 110, 116, 32, 56, 57], [67, 108, 105, 101, 110, 116, 32, 57, 48], [67, 108, 105, 101, 110, 116, 32, 57, 49], [67, 108, 105, 101, 110, 116, 32, 57, 50], [67, 108, 105, 101, 110, 116, 32, 57, 51], [67, 108, 105, 101, 110, 116, 32, 57, 52], [67, 108, 105, 101, 110, 116, 32, 57, 53], [67, 108, 105, 101, 110, 116, 32, 57, 54], [67, 108, 105, 101, 110, 116, 32, 57, 55], [67, 108, 105, 101, 110, 116, 32, 57, 56], [67, 108, 105, 101, 110, 116, 32, 57, 57]]
dropouts []
cp2
deg2 < n 100 - (d 0 + 2t 0) = reconstructLimit 100
deg2 32 = blocklenth 25 + corruption 0
sharingParams [3073700804129980417, 700305079945433357, 1884064513568972269, 32, 243, 25]
L 25
pushing IS
Server: STATE change from 2 to 3
Restart 200000
- State 3 elapse 18228ms
IS dropouts [], EC params 9
Server: STATE change from 3 to 4
Restart 20000
- State 4 elapse 20424ms
EC dropouts []
pushing AG
Server: STATE change from 4 to 5
Start 20000
- State 5 elapse 20280ms
timer recv
TimerFail(0)
